004001b7 00003137 00000097 010080e7 
00000317 18030067 fe010113 00112e23 
00812c23 02010413 fe0407a3 fe040723 
00100793 fef407a3 0480006f fef44783 
00278793 fef40723 fef44783 00078513 
00000097 3cc080e7 000007b7 75078513 
00000097 478080e7 03200513 00000097 
068080e7 fef44783 00178793 fef407a3 
fef44703 00a00793 fae7fae3 000007b7 
75478513 00000097 444080e7 004007b7 
01078793 00400713 00e7a023 1f400513 
00000097 024080e7 004007b7 01078793 
0007a023 1f400513 00000097 00c080e7 
fcdff06f fe010113 00112e23 00812c23 
02010413 fea42623 fec42703 00070793 
00379793 40e787b3 00579793 00e787b3 
00479713 40f70733 00371793 00078713 
00070793 00078513 00000097 01c080e7 
00000013 01c12083 01812403 02010113 
00008067 fd010113 02112623 02812423 
03010413 fca42e23 00000097 050080e7 
00050713 fdc42783 00f707b3 fef42623 
00000013 00000097 034080e7 00050713 
fec42783 fef768e3 00000013 00000013 
02c12083 02812403 03010113 00008067 
00100073 00008067 fe010113 00812e23 
02010413 000007b7 77c7a783 04079863 
006007b7 0007a783 07f7f713 000007b7 
76e7ae23 000007b7 77c7a703 02000793 
00f71a63 000007b7 fff00713 76e7ae23 
01c0006f 000007b7 77c7a783 00100713 
00f71733 000007b7 76e7ae23 c00027f3 
fef42623 000007b7 7807a783 fec42703 
02f77063 000007b7 7847a703 000007b7 
77c7a783 00f70733 000007b7 78e7a223 
000007b7 7847a703 fec42783 00f70733 
000007b7 78e7a223 000007b7 7847a703 
000007b7 7807a783 40f70733 000007b7 
78e7a223 000007b7 fec42703 78e7a023 
000007b7 7847a783 00078513 01c12403 
02010113 00008067 fd010113 02112623 
02812423 03010413 fca42e23 fdc42783 
fef42623 0240006f fec42783 0007c783 
00078513 00000097 3a4080e7 fec42783 
00178793 fef42623 fec42783 0007c783 
fc079ce3 00000013 00000013 02c12083 
02812403 03010113 00008067 fe010113 
00112e23 00812c23 02010413 fea42623 
fec42503 00000097 f84080e7 00a00513 
00000097 348080e7 00100793 00078513 
01c12083 01812403 02010113 00008067 
ed010113 12112623 12812423 13010413 
eca42e23 eec40793 fef42623 edc42783 
0607da63 02d00513 00000097 300080e7 
edc42783 40f007b3 00078513 00000097 
fc4080e7 0980006f edc42783 00a00593 
00078513 00000097 39c080e7 00050793 
00078693 fec42783 00178713 fee42623 
0ff6f713 00e78023 edc42783 00a00593 
00078513 00000097 2e8080e7 00050793 
ecf42e23 edc42783 fa0798e3 eec40793 
fec42703 faf702e3 0280006f fec42783 
fff78793 fef42623 fec42783 0007c783 
03078793 00078513 00000097 260080e7 
eec40793 fec42703 fcf71ae3 12c12083 
12812403 13010113 00008067 fe010113 
00112e23 00812c23 02010413 fea42623 
00800593 fec42503 00000097 01c080e7 
00000013 01c12083 01812403 02010113 
00008067 fd010113 02112623 02812423 
03010413 fca42e23 fcb42c23 fd842783 
fff78793 00279793 fef42623 03c0006f 
fec42783 fdc42703 00f757b3 00f7f793 
00000737 76870713 00f707b3 0007c783 
00078513 00000097 1b4080e7 fec42783 
ffc78793 fef42623 fec42783 fc07d2e3 
00000013 00000013 02c12083 02812403 
03010113 00008067 fb010113 02112623 
02812423 03010413 fca42e23 00b42223 
00c42423 00d42623 00e42823 00f42a23 
01042c23 01142e23 02040793 fcf42c23 
fd842783 fe478793 fef42623 1180006f 
fdc42783 0007c703 02500793 0ef71463 
fdc42783 00178793 fcf42e23 fdc42783 
0007c703 07300793 02f71263 fec42783 
00478713 fee42623 0007a783 00078513 
00000097 d28080e7 0c00006f fdc42783 
0007c703 07800793 02f71263 fec42783 
00478713 fee42623 0007a783 00078513 
00000097 e8c080e7 0900006f fdc42783 
0007c703 06400793 02f71263 fec42783 
00478713 fee42623 0007a783 00078513 
00000097 d70080e7 0600006f fdc42783 
0007c703 06300793 02f71263 fec42783 
00478713 fee42623 0007a783 00078513 
00000097 068080e7 0300006f fdc42783 
0007c783 00078513 00000097 050080e7 
0180006f fdc42783 0007c783 00078513 
00000097 038080e7 fdc42783 00178793 
fcf42e23 fdc42783 0007c783 ee0792e3 
00000793 00078513 02c12083 02812403 
05010113 00008067 00a1a423 00100293 
0051a823 00000293 0051a823 20000293 
0101a303 00537333 fe031ce3 00008067 
0081a503 10057293 fe028ce3 0ff57513 
00a00293 fe5506e3 00008067 06054063 
0605c663 00058613 00050593 fff00513 
02060c63 00100693 00b67a63 00c05863 
00161613 00169693 feb66ae3 00000513 
00c5e663 40c585b3 00d56533 0016d693 
00165613 fe0696e3 00008067 00008293 
fb5ff0ef 00058513 00028067 40a00533 
00b04863 40b005b3 f9dff06f 40b005b3 
00008293 f91ff0ef 40a00533 00028067 
00008293 0005ca63 00054c63 f79ff0ef 
00058513 00028067 40b005b3 fe0558e3 
40a00533 f61ff0ef 40b00533 00028067 
00000d0a 65480d0a 206f6c6c 6f572043 
21646c72 00000d0a 33323130 37363534 
42413938 46454443 00000000 00000000 
00000000 00000000 00000000 00000000 
00000000 00000000 00000000 00000000 
00000000 00000000 00000000 00000000 
00000000 00000000 00000000 00000000 
00000000 00000000 00000000 00000000 
00000000 00000000 00000000 00000000 
00000000 00000000 00000000 00000000 
00000000 00000000 00000000 00000000 
00000000 00000000 00000000 00000000 
00000000 00000000 00000000 00000000 
00000000 00000000 00000000 00000000 
00000000 00000000 00000000 00000000 
00000000 00000000 00000000 00000000 
00000000 00000000 00000000 00000000 
00000000 00000000 00000000 00000000 
00000000 00000000 00000000 00000000 
00000000 00000000 00000000 00000000 
00000000 00000000 00000000 00000000 
00000000 00000000 00000000 00000000 
00000000 00000000 00000000 00000000 
00000000 00000000 00000000 00000000 
00000000 00000000 00000000 00000000 
00000000 00000000 00000000 00000000 
00000000 00000000 00000000 00000000 
00000000 00000000 00000000 00000000 
00000000 00000000 00000000 00000000 
00000000 00000000 00000000 00000000 
00000000 00000000 00000000 00000000 
00000000 00000000 00000000 00000000 
00000000 00000000 00000000 00000000 
00000000 00000000 00000000 00000000 
00000000 00000000 00000000 00000000 
00000000 00000000 00000000 00000000 
00000000 00000000 00000000 00000000 
00000000 00000000 00000000 00000000 
00000000 00000000 00000000 00000000 
00000000 00000000 00000000 00000000 
00000000 00000000 00000000 00000000 
00000000 00000000 00000000 00000000 
00000000 00000000 00000000 00000000 
00000000 00000000 00000000 00000000 
00000000 00000000 00000000 00000000 
00000000 00000000 00000000 00000000 
00000000 00000000 00000000 00000000 
00000000 00000000 00000000 00000000 
00000000 00000000 00000000 00000000 
00000000 00000000 00000000 00000000 
00000000 00000000 00000000 00000000 
00000000 00000000 00000000 00000000 
00000000 00000000 00000000 00000000 
00000000 00000000 00000000 00000000 
00000000 00000000 00000000 00000000 
00000000 00000000 00000000 00000000 
00000000 00000000 00000000 00000000 
00000000 00000000 00000000 00000000 
00000000 00000000 00000000 00000000 
00000000 00000000 00000000 00000000 
00000000 00000000 00000000 00000000 
00000000 00000000 00000000 00000000 
00000000 00000000 00000000 00000000 
00000000 00000000 00000000 00000000 
00000000 00000000 00000000 00000000 
00000000 00000000 00000000 00000000 
00000000 00000000 00000000 00000000 
00000000 00000000 00000000 00000000 
00000000 00000000 00000000 00000000 
00000000 00000000 00000000 00000000 
00000000 00000000 00000000 00000000 
00000000 00000000 00000000 00000000 
00000000 00000000 00000000 00000000 
00000000 00000000 00000000 00000000 
00000000 00000000 00000000 00000000 
00000000 00000000 00000000 00000000 
00000000 00000000 00000000 00000000 
00000000 00000000 00000000 00000000 
00000000 00000000 00000000 00000000 
00000000 00000000 00000000 00000000 
00000000 00000000 00000000 00000000 
00000000 00000000 00000000 00000000 
00000000 00000000 00000000 00000000 
00000000 00000000 00000000 00000000 
00000000 00000000 00000000 00000000 
00000000 00000000 00000000 00000000 
00000000 00000000 00000000 00000000 
00000000 00000000 00000000 00000000 
00000000 00000000 00000000 00000000 
00000000 00000000 00000000 00000000 
00000000 00000000 00000000 00000000 
00000000 00000000 00000000 00000000 
00000000 00000000 00000000 00000000 
00000000 00000000 00000000 00000000 
00000000 00000000 00000000 00000000 
00000000 00000000 00000000 00000000 
00000000 00000000 00000000 00000000 
00000000 00000000 00000000 00000000 
00000000 00000000 00000000 00000000 
00000000 00000000 00000000 00000000 
00000000 00000000 00000000 00000000 
00000000 00000000 00000000 00000000 
00000000 00000000 00000000 00000000 
00000000 00000000 00000000 00000000 
00000000 00000000 00000000 00000000 
00000000 00000000 00000000 00000000 
00000000 00000000 00000000 00000000 
00000000 00000000 00000000 00000000 
00000000 00000000 00000000 00000000 
00000000 00000000 00000000 00000000 
00000000 00000000 00000000 00000000 
00000000 00000000 00000000 00000000 
00000000 00000000 00000000 00000000 
00000000 00000000 00000000 00000000 
00000000 00000000 00000000 00000000 
00000000 00000000 00000000 00000000 
00000000 00000000 00000000 00000000 
00000000 00000000 00000000 00000000 
00000000 00000000 00000000 00000000 
00000000 00000000 00000000 00000000 
00000000 00000000 00000000 00000000 
00000000 00000000 00000000 00000000 
00000000 00000000 00000000 00000000 
00000000 00000000 00000000 00000000 
00000000 00000000 00000000 00000000 
00000000 00000000 00000000 00000000 
00000000 00000000 00000000 00000000 
00000000 00000000 00000000 00000000 
00000000 00000000 00000000 00000000 
00000000 00000000 00000000 00000000 
00000000 00000000 00000000 00000000 
00000000 00000000 00000000 00000000 
00000000 00000000 00000000 00000000 
00000000 00000000 00000000 00000000 
00000000 00000000 00000000 00000000 
00000000 00000000 00000000 00000000 
00000000 00000000 00000000 00000000 
00000000 00000000 00000000 00000000 
00000000 00000000 00000000 00000000 
00000000 00000000 00000000 00000000 
00000000 00000000 00000000 00000000 
00000000 00000000 00000000 00000000 
00000000 00000000 00000000 00000000 
00000000 00000000 00000000 00000000 
00000000 00000000 00000000 00000000 
00000000 00000000 00000000 00000000 
00000000 00000000 00000000 00000000 
00000000 00000000 00000000 00000000 
00000000 00000000 00000000 00000000 
00000000 00000000 00000000 00000000 
00000000 00000000 00000000 00000000 
00000000 00000000 00000000 00000000 
00000000 00000000 00000000 00000000 
00000000 00000000 00000000 00000000 
00000000 00000000 00000000 00000000 
00000000 00000000 00000000 00000000 
00000000 00000000 00000000 00000000 
00000000 00000000 00000000 00000000 
00000000 00000000 00000000 00000000 
00000000 00000000 00000000 00000000 
00000000 00000000 00000000 00000000 
00000000 00000000 00000000 00000000 
00000000 00000000 00000000 00000000 
00000000 00000000 00000000 00000000 
00000000 00000000 00000000 00000000 
00000000 00000000 00000000 00000000 
00000000 00000000 00000000 00000000 
00000000 00000000 00000000 00000000 
00000000 00000000 00000000 00000000 
00000000 00000000 00000000 00000000 
00000000 00000000 00000000 00000000 
00000000 00000000 00000000 00000000 
00000000 00000000 00000000 00000000 
00000000 00000000 00000000 00000000 
00000000 00000000 00000000 00000000 
00000000 00000000 00000000 00000000 
00000000 00000000 00000000 00000000 
00000000 00000000 00000000 00000000 
00000000 00000000 00000000 00000000 
00000000 00000000 00000000 00000000 
00000000 00000000 00000000 00000000 
00000000 00000000 00000000 00000000 
00000000 00000000 00000000 00000000 
00000000 00000000 00000000 00000000 
00000000 00000000 00000000 00000000 
00000000 00000000 00000000 00000000 
00000000 00000000 00000000 00000000 
00000000 00000000 00000000 00000000 
00000000 00000000 00000000 00000000 
00000000 00000000 00000000 00000000 
00000000 00000000 00000000 00000000 
00000000 00000000 00000000 00000000 
00000000 00000000 00000000 00000000 
00000000 00000000 00000000 00000000 
00000000 00000000 00000000 00000000 
00000000 00000000 00000000 00000000 
00000000 00000000 00000000 00000000 
00000000 00000000 00000000 00000000 
00000000 00000000 00000000 00000000 
00000000 00000000 00000000 00000000 
00000000 00000000 00000000 00000000 
00000000 00000000 00000000 00000000 
00000000 00000000 00000000 00000000 
00000000 00000000 00000000 00000000 
00000000 00000000 00000000 00000000 
00000000 00000000 00000000 00000000 
00000000 00000000 00000000 00000000 
00000000 00000000 00000000 00000000 
00000000 00000000 00000000 00000000 
00000000 00000000 00000000 00000000 
00000000 00000000 00000000 00000000 
00000000 00000000 00000000 00000000 
00000000 00000000 00000000 00000000 
00000000 00000000 00000000 00000000 
00000000 00000000 00000000 00000000 
00000000 00000000 00000000 00000000 
00000000 00000000 00000000 00000000 
00000000 00000000 00000000 00000000 
00000000 00000000 00000000 00000000 
00000000 00000000 00000000 00000000 
00000000 00000000 00000000 00000000 
00000000 00000000 00000000 00000000 
00000000 00000000 00000000 00000000 
00000000 00000000 00000000 00000000 
00000000 00000000 00000000 00000000 
00000000 00000000 00000000 00000000 
00000000 00000000 00000000 00000000 
00000000 00000000 00000000 00000000 
00000000 00000000 00000000 00000000 
00000000 00000000 00000000 00000000 
00000000 00000000 00000000 00000000 
00000000 00000000 00000000 00000000 
00000000 00000000 00000000 00000000 
00000000 00000000 00000000 00000000 
00000000 00000000 00000000 00000000 
00000000 00000000 00000000 00000000 
00000000 00000000 00000000 00000000 
00000000 00000000 00000000 00000000 
00000000 00000000 00000000 00000000 
00000000 00000000 00000000 00000000 
00000000 00000000 00000000 00000000 
00000000 00000000 00000000 00000000 
00000000 00000000 00000000 00000000 
00000000 00000000 00000000 00000000 
00000000 00000000 00000000 00000000 
00000000 00000000 00000000 00000000 
00000000 00000000 00000000 00000000 
00000000 00000000 00000000 00000000 
00000000 00000000 00000000 00000000 
00000000 00000000 00000000 00000000 
00000000 00000000 00000000 00000000 
00000000 00000000 00000000 00000000 
00000000 00000000 00000000 00000000 
00000000 00000000 00000000 00000000 
00000000 00000000 00000000 00000000 
00000000 00000000 00000000 00000000 
00000000 00000000 00000000 00000000 
00000000 00000000 00000000 00000000 
00000000 00000000 00000000 00000000 
00000000 00000000 00000000 00000000 
00000000 00000000 00000000 00000000 
00000000 00000000 00000000 00000000 
00000000 00000000 00000000 00000000 
00000000 00000000 00000000 00000000 
00000000 00000000 00000000 00000000 
00000000 00000000 00000000 00000000 
00000000 00000000 00000000 00000000 
00000000 00000000 00000000 00000000 
00000000 00000000 00000000 00000000 
00000000 00000000 00000000 00000000 
00000000 00000000 00000000 00000000 
00000000 00000000 00000000 00000000 
00000000 00000000 00000000 00000000 
00000000 00000000 00000000 00000000 
00000000 00000000 00000000 00000000 
00000000 00000000 00000000 00000000 
00000000 00000000 00000000 00000000 
00000000 00000000 00000000 00000000 
00000000 00000000 00000000 00000000 
00000000 00000000 00000000 00000000 
00000000 00000000 00000000 00000000 
00000000 00000000 00000000 00000000 
00000000 00000000 00000000 00000000 
00000000 00000000 00000000 00000000 
00000000 00000000 00000000 00000000 
00000000 00000000 00000000 00000000 
00000000 00000000 00000000 00000000 
00000000 00000000 00000000 00000000 
00000000 00000000 00000000 00000000 
00000000 00000000 00000000 00000000 
00000000 00000000 00000000 00000000 
00000000 00000000 00000000 00000000 
00000000 00000000 00000000 00000000 
00000000 00000000 00000000 00000000 
00000000 00000000 00000000 00000000 
00000000 00000000 00000000 00000000 
00000000 00000000 00000000 00000000 
00000000 00000000 00000000 00000000 
00000000 00000000 00000000 00000000 
00000000 00000000 00000000 00000000 
00000000 00000000 00000000 00000000 
00000000 00000000 00000000 00000000 
00000000 00000000 00000000 00000000 
00000000 00000000 00000000 00000000 
00000000 00000000 00000000 00000000 
00000000 00000000 00000000 00000000 
00000000 00000000 00000000 00000000 
00000000 00000000 00000000 00000000 
00000000 00000000 00000000 00000000 
00000000 00000000 00000000 00000000 
00000000 00000000 00000000 00000000 
00000000 00000000 00000000 00000000 
00000000 00000000 00000000 00000000 
00000000 00000000 00000000 00000000 
00000000 00000000 00000000 00000000 
00000000 00000000 00000000 00000000 
00000000 00000000 00000000 00000000 
00000000 00000000 00000000 00000000 
00000000 00000000 00000000 00000000 
00000000 00000000 00000000 00000000 
00000000 00000000 00000000 00000000 
00000000 00000000 00000000 00000000 
00000000 00000000 00000000 00000000 
00000000 00000000 00000000 00000000 
00000000 00000000 00000000 00000000 
00000000 00000000 00000000 00000000 
00000000 00000000 00000000 00000000 
00000000 00000000 00000000 00000000 
00000000 00000000 00000000 00000000 
00000000 00000000 00000000 00000000 
00000000 00000000 00000000 00000000 
00000000 00000000 00000000 00000000 
00000000 00000000 00000000 00000000 
00000000 00000000 00000000 00000000 
00000000 00000000 00000000 00000000 
00000000 00000000 00000000 00000000 
00000000 00000000 00000000 00000000 
00000000 00000000 00000000 00000000 
00000000 00000000 00000000 00000000 
00000000 00000000 00000000 00000000 
00000000 00000000 00000000 00000000 
00000000 00000000 00000000 00000000 
00000000 00000000 00000000 00000000 
00000000 00000000 00000000 00000000 
00000000 00000000 00000000 00000000 
00000000 00000000 00000000 00000000 
00000000 00000000 00000000 00000000 
00000000 00000000 00000000 00000000 
00000000 00000000 00000000 00000000 
00000000 00000000 00000000 00000000 
00000000 00000000 00000000 00000000 
00000000 00000000 00000000 00000000 
00000000 00000000 00000000 00000000 
00000000 00000000 00000000 00000000 
00000000 00000000 00000000 00000000 
00000000 00000000 00000000 00000000 
00000000 00000000 00000000 00000000 
00000000 00000000 00000000 00000000 
00000000 00000000 00000000 00000000 
00000000 00000000 00000000 00000000 
00000000 00000000 00000000 00000000 
00000000 00000000 00000000 00000000 
00000000 00000000 00000000 00000000 
00000000 00000000 00000000 00000000 
00000000 00000000 00000000 00000000 
00000000 00000000 00000000 00000000 
00000000 00000000 00000000 00000000 
00000000 00000000 00000000 00000000 
00000000 00000000 00000000 00000000 
00000000 00000000 00000000 00000000 
00000000 00000000 00000000 00000000 
00000000 00000000 00000000 00000000 
00000000 00000000 00000000 00000000 
00000000 00000000 00000000 00000000 
00000000 00000000 00000000 00000000 
00000000 00000000 00000000 00000000 
00000000 00000000 00000000 00000000 
00000000 00000000 00000000 00000000 
00000000 00000000 00000000 00000000 
00000000 00000000 00000000 00000000 
00000000 00000000 00000000 00000000 
00000000 00000000 00000000 00000000 
00000000 00000000 00000000 00000000 
00000000 00000000 00000000 00000000 
00000000 00000000 00000000 00000000 
00000000 00000000 00000000 00000000 
00000000 00000000 00000000 00000000 
00000000 00000000 00000000 00000000 
00000000 00000000 00000000 00000000 
00000000 00000000 00000000 00000000 
00000000 00000000 00000000 00000000 
00000000 00000000 00000000 00000000 
00000000 00000000 00000000 00000000 
00000000 00000000 00000000 00000000 
00000000 00000000 00000000 00000000 
